566,477,376
575,488,365
558,673,498
628,746,193
288,242,128
569,744,439
685,748,471
218,343,491
777,905,633
778,867,840
672,772,947
500,763,420
449,665,653
745,407,904
766,194,576
741,538,336
507,698,667
689,920,467
575,631,992
816,205,653
509,300,418
712,192,865
572,432,259
552,456,267
766,931,643
902,840,557
465,318,175
463,795,564
340,323,123
602,812,499
898,931,555
899,835,341
316,487,789
677,790,797
939,581,362
801,834,951
464,941,843
270,620,387
719,586,478
578,662,801
446,202,556
380,721,579
313,670,629
301,341,59
528,564,736
411,765,465
301,817,959
895,836,890
249,313,267
726,976,881
300,601,657
925,596,905
312,189,196
218,756,600
225,803,736
768,438,728
268,613,578
951,816,919
706,923,495
430,487,915
416,964,623
737,699,581
740,471,498
407,658,902
542,545,985
872,512,690
226,362,164
577,611,45
648,756,953
116,330,373
730,297,713
836,630,486
219,115,125
837,648,336
414,314,670
787,906,792
232,526,550
220,409,216
458,827,435
489,664,675
906,284,823
174,362,227
514,333,704
575,716,896
762,382,597
 91,119,110
717,616,307
374,563,514
564,499,158
566,541,601
417,859,921
726,627,828
534,416,475
534,636,902
463,513,606
921,148,829
468,244,703
427,524,804
194,545,380
913,998,210
791,710,361
953,637,413
686,216,677
775,476,473
683,224,524
670,424,556
286,642,660
578,964,895
715,938,675
386,538,362
620,537,487
477,445,509
645,679,536
613,461,511
586,730,876
597,586,541
745,452,960
577,77,581
733,177,562
521,751,297
422,780,709
521,887,550
808,681,829
907,938,753
 91,234,151
550,71,560
463,715,400
491,765,600
592,453,555
559,788,676
391,484,363
405,404,280
307,518,632
288,287,482
440,768,636
838,772,889
738,717,531
727,508,487
597,562,167
613,345,482
178,196,252
345,127,459
767,896,750
601,965,522
792,541,699
337,799,588
413,284,340
431,873,989
164,826,956
279,486,578
488,275,248
672,462,539
116,504,619
550,353,618
641,482,513
443,619,243
440,519,754
866,749,665
490,988,547
252,812,623
 95,661,698
161,231,250
846,311,842
870,305,833
638,496,395
642,374,864
851,399,892
873,444,889
950,702,591
307,628,794
815,568,390
974,725,622
605,409,526
665,554,473
874,597,620
481,609,245
702,611,814
677,689,278
189,785,793
957,662,493
749,873,714
692,837,649
721,949,456
488,304,194
647,705,462
230,489,454
398,209,489
248,194,426
268,663,528
704,628,326
567,678,468
580,228,520
512,701,624
666,839,776
804,362,559
418,349,450
185,764,911
441,574,331
902,856,448
307,470,748
789,639,631
247,563,394
436,655,703
352,906,631
277,367,327
585,757,427
545,710,988
153,705,689
371,739,602
538,419,864
795,750,697
361,606,668
462,885,782
510,394,826
443,755,483
255,756,866
931,404,762
841,792,640
932,259,869
893,697,951
477,617,150
427,506,86
723,243,717
795,705,638
908,506,556
741,755,408
613,717,393
392,59,448
628,347,824
503,506,905
646,629,909
785,518,510
510,199,701
399,548,247
250,981,822
314,758,810
513,476,139
448,693,690
503,556,646
604,448,579
524,726,849
262,556,808
773,287,939
388,262,356
554,537,478
510,689,720
693,670,665
516,420,525
421,282,693
504,374,435
241,619,662
787,803,267
941,828,722
247,564,771
560,604,137
871,461,499
769,545,848
543,493,875
501,448,782
829,583,434
660,431,552
509,716,355
422,642,655
397,590,389
749,734,884
118,896,862
550,398,700
449,339,778
664,929,821
724,926,630
698,176,786
718,479,938
391,577,266
899,303,834
252,416,295
887,537,926
496,232,609
130,534,575
519,436,934
639,648,29
625,127,541
291,544,511
744,570,404
430,772,439
381,304,231
525,527,785
542,632,966
207,643,532
527,816,501
862,943,367
872,894,184
911,776,718
939,849,594
745,354,472
744,157,759
436,263,650
605,326,348
319,530,463
639,358,479
675,826,732
609,682,912
848,330,858
508,518,881
567,481,576
431,561,603
934,715,700
323,661,724
 93,395,412
107,458,401
397,723,817
346,631,802
824,567,852
251,784,926
490,316,317
637,291,350
593,583,602
144,156,136
 64,786,842
431,515,161
967,855,268
487,898,564
595,378,636
710,226,775
675,631,758
203,160,294
873,667,637
279,597,765
163,858,901
328,832,537
601,307,594
642,691,258
341,439,293
831,963,304
115,82,139
462,260,666
465,683,683
743,744,432
576,654,416
567,840,586
722,822,425
657,872,880
582,836,289
642,966,727
283,587,328
627,566,650
712,159,846
365,973,654
901,900,568
249,675,433
179,507,470
469,485,112
391,733,732
785,740,519
436,198,533
250,391,421
323,673,729
 87,583,624
391,534,677
993,253,880
747,688,284
696,151,586
493,455,676
480,639,309
903,829,404
662,85,687
703,112,607
960,436,672
870,230,800
763,67,705
720,516,398
817,696,171
655,660,736
536,236,421
607,296,729
626,751,769
529,954,670
559,840,376
592,819,312
423,489,842
350,498,198
777,199,736
767,639,924
 17,684,692
652,739,958
735,874,486
625,615,601
752,791,50
263,568,505
475,307,580
241,679,757
 89,812,852
285,756,877
587,202,550
652,649,22
160,20,161
132,166,179
566,277,716
521,381,640
168,212,123
489,333,741
360,388,194
516,412,767
713,686,964
711,765,514
759,610,862
902,727,296
867,770,187
196,410,505
693,527,570
480,514,92
346,422,647
298,382,190
346,489,315
845,976,997
868,467,717
911,581,779
640,681,776
926,331,747
576,681,846
626,673,515
361,462,553
188,968,946
512,933,571
698,738,668
786,602,599
700,485,646
553,382,781
637,622,628
570,551,491
665,720,734
630,801,550
637,699,547
319,277,130
807,803,576
944,813,672
510,539,729
339,673,746
564,974,592
569,771,878
570,646,794
507,754,908
832,358,827
922,454,938
333,897,826
716,886,733
876,729,569
886,677,723
643,688,273
896,404,627
195,634,821
650,277,711
436,855,749
529,765,313
966,768,340
489,179,646
466,364,718
870,267,612
902,669,833
902,742,635
397,258,175
723,555,749
528,527,14
644,496,268
515,670,176
766,588,999
219,567,386
177,799,633
229,499,572
579,445,767
310,151,329
849,782,365
613,769,364
479,495,603
717,326,650
537,368,839
370,683,482
396,576,186
 58,549,594
672,121,741
283,932,834
224,51,196
562,494,245
550,519,80
349,741,972
814,201,949
464,779,408
592,362,648
661,292,897
247,222,349
126,329,366
594,744,791
546,202,429
526,619,501
138,682,753
613,333,444
536,506,191
309,375,567
638,990,699
564,522,46
864,918,863
307,863,842
827,403,778
960,825,792
890,912,391
735,649,473
937,443,635
702,768,256
604,809,720
906,236,927
851,473,978
282,338,353
868,472,884
681,749,966
781,850,209
450,376,696
698,833,851
842,847,658
578,934,703
721,679,85
801,363,502
501,622,421
657,98,602
745,979,905
925,884,326
379,699,426
319,379,293
564,328,773
579,716,455
387,466,567
819,597,243
454,502,927
860,578,640
591,692,499
569,939,531
 87,814,872
753,650,280
746,238,590
789,735,639
342,411,696
330,629,474
442,384,616
563,153,418
408,375,746
446,394,745
257,630,592
619,878,657
612,711,637
594,980,637
829,952,547
828,225,934
671,639,963
343,531,687
896,666,346
936,638,753
299,838,549
766,277,572
610,144,505
631,843,567
 62,401,375
158,558,705
801,700,786
991,700,911
644,213,692
752,795,344
762,862,332
391,639,489
809,601,497
530,430,179
497,345,219
995,128,999
483,478,236
614,458,753
729,731,863
693,915,859
192,205,17
339,536,246
366,429,536
480,801,555
656,977,669
659,123,671
644,292,524
418,367,756
406,740,823
830,497,768
996,607,705
400,451,712
586,598,235
409,841,606
412,211,378
359,588,426
864,521,972
556,541,905
389,712,588
848,412,813
744,743,472
872,837,421
901,837,158
232,634,550
725,502,451
526,966,477
589,607,682
815,769,769
828,627,947
378,162,364
398,361,86
194,235,285
617,797,235
603,889,900
706,142,594
291,321,96
746,388,668
764,762,718
567,821,703
968,421,883
952,963,262
489,785,540
446,933,970
476,246,569
724,342,409
565,421,511
703,402,344
704,549,486
195,327,220
134,355,395
804,889,130
142,276,146
308,772,509
507,952,927
471,867,924
397,757,621
311,287,215
492,602,425
523,927,982
410,810,947
188,120,120
543,569,92
838,442,414
595,789,505
642,843,845
376,664,681
404,946,571
427,134,509
575,689,670
598,236,705
118,714,700
499,958,771
633,877,670
776,873,625
568,966,670
653,267,684
316,235,462
367,542,525
636,778,684
756,912,605
461,769,534
963,305,767
618,686,769
896,805,330
821,987,638
444,434,269
815,289,546
537,208,691
116,804,780
694,512,744
941,423,795
214,545,668
259,219,322
455,782,551
512,646,526
169,615,729
645,684,804
701,257,529
731,711,683
225,575,423
741,433,932
303,691,396
363,580,863
427,474,576
641,412,319
530,890,726
382,779,433
284,147,323
860,703,766
606,666,736
638,384,264
564,627,455
678,442,618
498,552,476
352,286,425
503,600,241
531,209,490
615,758,363
886,636,579
386,960,821
678,547,784
410,545,872
558,546,49
384,557,457
387,699,460
592,809,571
651,756,647
860,518,794
722,894,731
429,197,383
746,402,745
756,608,434
220,452,629
773,631,798
942,704,260
820,565,673
745,666,110
411,406,721
 44,522,531
777,394,494
807,835,66
507,677,316
956,194,865
642,677,111
682,868,889
173,507,339
270,546,318
279,115,177
803,915,913
139,107,187
925,995,943
467,471,233
689,358,961
544,479,788
450,403,438
868,155,740
583,251,384
163,220,215
253,323,234
574,480,690
292,627,695
817,908,950
553,991,507
660,645,933
752,819,831
437,189,346
108,491,429
676,604,82
670,585,204
 78,439,403
 65,476,475
904,502,542
873,723,506
909,628,337
160,523,632
424,250,582
350,264,427
723,184,872
868,376,701
441,318,509
528,448,513
169,552,414
298,85,320
664,572,433
398,814,754
980,461,544
282,558,554
336,326,337
400,673,470
411,288,583
448,431,582
466,752,501
509,673,464
727,112,677
567,614,716
620,976,603
215,738,844
625,343,624
639,770,757
859,691,710
405,798,561
858,870,310
821,723,983
385,489,431
776,261,962
834,527,752
798,945,282
802,788,288
689,667,74
995,691,603
656,320,652
558,775,454
494,939,694
408,180,481
618,347,793
368,911,593
380,864,492
637,378,275
614,383,295
246,326,514
373,617,382
409,214,294
820,909,683
860,558,491
721,691,303
217,281,289
231,337,237
348,400,206
382,317,684
467,434,77
534,588,846
905,483,871
155,259,189
271,706,576
904,486,465
496,700,349
642,252,496
750,706,505
956,978,875
787,793,322
790,957,389
126,232,160
391,807,909
454,814,762
532,358,272
482,413,655
734,96,739
587,314,772
402,496,292
516,824,922
408,922,840
355,476,321
365,181,219
601,842,642
482,828,584
589,698,588
759,769,768
858,520,481
388,698,374
421,68,374
345,586,611
487,916,456
327,380,425
793,405,604
432,630,267
678,716,108
329,364,149
896,857,361
652,406,409
430,461,744
847,910,968
499,898,952
335,589,395
822,306,635
664,212,610
337,408,517
676,507,570
826,627,370
312,259,193
293,718,654
442,523,662
687,523,698
672,494,462
461,198,649
540,410,269
539,515,839
514,571,496
438,216,557
581,362,667
510,61,485
168,596,451
458,702,818
896,716,738
842,614,701
398,466,502
739,612,737
404,302,428
668,758,600
674,815,379
673,341,476
516,403,384
907,562,511
555,406,413
818,737,773
745,588,545
555,571,802
326,712,513
729,310,664
810,468,804
509,79,438
418,680,403
314,600,470
380,946,932
520,535,519
574,113,668
862,541,617
960,141,857
837,154,926
255,86,277
664,305,588
321,329,554
655,546,431
553,187,373
797,526,674
352,613,626
193,523,391
281,537,657
892,737,646
503,717,663
700,409,662
865,901,661
508,664,192
980,638,809
724,803,839
678,217,789
735,289,904
501,745,719
896,434,575
819,850,977
607,691,590
623,647,167
890,740,708
465,674,219
753,127,674
455,734,376
947,966,168
798,911,338
768,467,681
102,554,488
747,178,608
747,507,690
372,490,197
734,881,363
560,889,821
164,836,833
335,316,399
471,551,86
444,381,226
774,171,789
252,239,372
651,915,540
828,998,547
814,903,348
491,364,548
549,612,267
917,339,866
432,133,494
567,465,246
744,885,684
717,876,790
984,740,311
686,528,843
757,343,712
495,572,789
440,496,763
146,573,585
371,716,716
228,742,679
509,421,192
544,485,828
509,317,787
661,228,518
170,370,283
574,346,446
275,305,482
338,616,897
334,520,229
461,570,136
646,786,356
481,880,626
582,168,495
128,732,752
489,685,558
529,788,341
188,545,680
639,859,445
656,985,606
914,972,495
437,505,440
947,881,490
379,998,906
371,789,763
778,445,924
409,228,396
216,875,709
169,644,534
874,790,870
667,478,797
386,505,856
390,854,740
576,421,336
126,171,145
296,406,627
276,546,653
329,232,356
811,203,648
757,762,656
965,859,794
707,870,536
498,510,247
885,287,649
839,518,589
691,875,327
549,852,692
421,764,399
841,938,617
683,73,682
838,903,513
529,492,436
501,209,572
183,151,184
387,261,642
391,259,283
902,810,751
714,509,251
725,694,141
650,757,979
515,678,735
553,766,397
771,749,360
273,414,543
365,480,246
527,431,831
761,473,507
797,777,614
315,431,403
706,807,561
324,769,821
645,257,467
 90,654,617
903,656,499
640,851,817
585,967,754
340,699,880
783,349,971
748,532,972
485,483,3
228,254,423
281,282,418
566,876,988
753,959,569
629,379,773
813,568,374
798,387,873
337,750,620
716,222,594
498,212,408
570,209,371
 73,136,163
579,290,400
836,640,252
684,657,892
405,876,982
722,499,926
383,573,458
381,366,568